8000 172
3070
4833
5549
7814
6976
7577
5258
1892
190
3036
6272
1970
3066
5876
214
2212
975
3095
7472
372
7607
5750
2502
1580
5107
205
4725
5128
1659
3497
4649
5025
1943
7949
7779
5732
7308
5373
1079
4019
3505
3377
6275
742
43
7183
7480
172
7271
1015
172
6047
681
2088
1440
1068
3259
5372
7115
4466
1854
6533
5772
6346
5307
6069
5297
2619
907
6759
5490
3035
30
7007
995
469
4545
4044
4435
907
7349
3464
679
2777
5907
5997
4975
4252
4537
2062
738
1246
5130
6316
2245
3361
7889
2476
5426
7706
7410
1395
5388
3171
3229
2947
2981
5408
2532
35
2201
1306
6740
6237
5848
6316
224
4192
4064
5042
3721
1620
3761
3202
6893
4466
5297
4284
2441
4753
7035
4568
3056
994
2320
7010
3015
3213
3127
5926
556
7971
1454
2198
1648
671
5668
6795
837
6253
7818
2819
5207
5880
6430
3859
5250
7586
580
4896
6895
3978
4998
6384
401
726
530
5315
1081
1512
6489
4067
172
752
6285
4192
3246
7004
2567
7316
3983
2712
226
7867
5037
6417
694
4573
1385
172
247
5180
2685
5378
2591
184
7582
5742
1325
4756
172
2363
2639
1852
5487
6158
2911
1327
7829
542
930
6975
3685
6925
3358
3154
6660
3486
6784
2359
2025
3452
920
1864
2755
6234
3395
4840
7317
2954
6133
5650
3229
3503
7453
1736
7549
6158
4542
2309
3446
2980
7103
5367
3094
3227
4838
2644
7360
250
4194
6152
259
292
3274
5319
6782
4298
604
524
2820
2285
5159
6046
2248
7225
876
5981
1923
6704
1907
1330
7952
7068
2522
6126
1235
2240
1098
7639
6885
2455
2476
7203
7292
6842
1665
2766
6737
4589
6047
1816
2937
5188
6636
7641
4386
220
2929
6782
1939
7554
3578
2933
2836
1824
3724
5622
3208
1658
5440
3360
3668
3223
869
5315
6880
3125
2439
7161
872
3094
9
4248
4250
2200
7100
476
469
1663
2005
1433
7952
4237
1170
1364
7074
775
336
5965
1044
911
5237
1655
7479
4099
5025
2698
3974
7839
260
5232
7012
1907
7331
4255
5572
3719
520
4516
2292
5635
2744
2431
5367
5561
556
6257
6185
3171
3269
963
6257
1811
2215
282
3240
1896
2191
567
1840
4460
3574
2812
6749
718
2510
2299
2892
3153
1142
1877
4233
4527
3276
1523
5602
2666
6147
35
25
5985
2608
6088
321
3486
608
2614
7070
2532
4075
4550
7418
2873
7336
4646
4610
1440
6098
3279
6988
4133
4053
3030
5363
2628
7000
2640
7952
5153
7092
6164
5127
2500
403
156
6183
1648
158
2313
3511
681
493
2902
1648
3334
6504
1307
4170
6536
6285
1175
5532
5905
5115
6022
4516
3738
6684
5862
5174
3629
3240
4778
7020
7074
5767
6168
4494
6356
3615
7510
1882
4995
7348
2519
7722
1278
172
6620
2159
1217
6016
1764
7845
5926
5748
6003
1758
1864
2871
4019
730
580
2633
4014
2443
1609
5135
6950
1319
2192
6299
5823
4875
4527
6360
2105
1926
188
782
5319
1869
6415
367
2475
2768
5683
7040
3186
7655
7536
3201
2305
7394
6185
6539
7512
5584
6779
4725
2302
3040
7827
2476
3523
636
6116
6697
2603
2120
872
4957
7802
1852
926
5365
5260
535
5048
172
1618
642
2625
2686
761
5447
2543
5656
4455
4019
1116
1036
4140
1601
3757
3919
6372
792
6599
3137
5017
4992
3950
3930
4646
6697
4439
4019
705
172
3416
4802
5572
47
1365
7762
3993
6562
4069
7900
2373
869
5994
677
2820
1839
2676
6296
7074
6503
6442
6325
5685
5430
3822
5655
5615
4042
4466
2872
6176
7336
7032
7674
4401
1831
1626
260
6158
2564
5188
4401
5714
5017
3919
158
5858
3836
5116
7108
1292
6536
5198
3229
3481
310
5814
3030
6948
5241
888
527
3431
1740
4133
1303
2834
3530
7728
6002
282
172
7124
643
2431
6766
3629
7400
50
3036
6978
2272
4062
256
6864
6093
2423
805
172
4493
4055
4593
3666
3152
6406
5865
408
3432
6628
6838
3465
4331
2836
1814
3578
852
1677
3625
5480
4482
7488
3152
946
2471
2662
4975
874
1036
3108
5071
200
746
7399
3679
2662
1304
7491
3631
4401
2522
1325
1411
3591
2589
4230
2337
1292
550
4829
5901
2662
3602
6015
4323
6974
3885
916
7432
3208
7441
4133
6331
5523
4296
2843
6113
5125
6670
1848
4629
372
6372
7577
879
4177
2251
2122
7400
5970
7906
472
3612
5965
7097
2545
5879
6196
1030
4386
172
4910
6161
2043
2331
2566
4904
6473
4123
4904
5529
850
2564
1223
5353
4652
2633
7862
2657
5460
5715
1843
2455
4465
1764
2723
7821
5844
3632
3446
4194
1394
4938
6725
1441
3171
6822
1836
1781
7321
1088
332
3731
627
6840
6372
468
535
1307
7735
3445
756
710
2195
2962
7488
768
939
527
7064
2098
3954
1559
6575
6387
2823
5589
2566
2800
6504
3329
385
6744
1013
6787
983
6890
172
7147
6986
5040
5769
2547
2187
7802
3171
6670
1027
2668
5603
5363
6899
7157
1277
6493
5341
922
3531
7048
5394
3867
2215
7438
3432
7262
7212
1364
3539
2120
7851
2405
4837
7951
1168
6697
5532
4829
5163
3379
2359
6999
7262
550
2818
4605
2160
5236
6410
172
718
6929
3903
1329
7329
7675
4952
3484
5470
5085
4888
5311
761
5107
2896
3855
3577
1603
3917
5199
7104
7328
1926
3687
5911
5055
975
6147
1233
4666
205
805
1015
5993
4893
6941
4545
6163
6891
7276
3123
6864
4859
1355
2425
7366
2543
3707
6171
6616
2513
469
2452
5025
3752
2935
2233
3511
6069
4247
6190
5806
5114
6829
7575
2754
1998
6807
2380
5430
1325
2452
7419
7391
4545
3285
7180
6415
1271
5364
2243
5985
333
2343
2449
7296
7839
5633
1209
4123
4761
1923
3497
2820
3822
6766
133
4333
5017
4020
444
1387
6743
3380
1814
3036
7074
1299
5715
5522
719
2574
3615
2608
7535
1058
1558
2122
2425
6444
19
1989
3910
6822
367
3983
888
2481
29
766
2486
5506
1184
1718
2607
4029
172
2507
172
5652
1925
465
6878
1353
5174
5125
1748
3422
424
4316
576
352
3484
2060
6955
5073
5366
2502
5130
1843
3683
2681
5408
1814
5278
7339
4566
465
5372
7157
3018
1911
3595
4003
360
1261
6697
6154
4980
31
678
6304
3665
5017
2958
1764
3539
1832
189
2471
4159
2360
189
789
7391
7558
567
1580
3352
5724
2385
4846
1409
7207
648
2809
3424
5603
2643
6321
3374
3848
7638
1454
6614
6832
5125
1013
7017
7901
3561
4888
1989
575
219
4502
172
4919
2231
6974
790
1192
6743
4212
6842
5364
2211
4282
2585
4293
7383
127
937
1070
6116
3287
1531
2422
5768
1355
2847
5844
2029
5250
7512
926
3857
2445
7463
7347
2480
2613
2317
3231
7057
5507
2248
4384
7899
717
7802
2683
7127
7536
1778
2675
7717
7540
4934
2260
2773
6147
1545
4464
875
7027
172
5014
7136
3358
2356
1074
7472
7834
7789
1717
4633
3591
5436
3431
2686
7400
1595
200
2040
1398
7905
5846
6620
217
315
651
5618
2283
2359
3964
172
5990
5055
4746
180
3352
3488
1095
7947
2673
4339
6131
6356
4017
2851
4585
2574
2730
2847
7057
6605
4449
3603
6598
1451
2440
742
6635
6798
255
4449
-1
5776
5097
7192
4956
2737
3731
1568
4997
6653
6591
5037
3267
468
2911
4121
2088
5340
5823
6832
2764
1193
4897
6578
302
6401
6455
887
4460
5258
6836
5538
914
5056
867
7634
6341
1150
3269
2240
6242
2937
416
7269
2271
7945
568
1905
7020
6753
6321
5718
7603
5947
3618
5562
5858
3609
6575
7370
2547
3580
2766
1217
6121
3089
5493
3539
4484
1098
5554
172
4386
3961
4623
3678
226
889
3710
6504
938
6047
429
6853
1098
6988
4593
67
3687
6591
6419
7203
2782
172
5440
2742
7097
1655
4577
5804
4910
774
2686
3629
568
2666
984
6210
1488
422
4677
2650
3716
427
5706
6854
7523
7010
5579
6006
1512
5703
4872
4504
7039
2393
6020
5055
2337
1402
333
1925
6293
3558
605
887
4688
679
1321
3657
5831
2970
3558
1014
3127
5576
6889
4384
123
652
6075
679
1405
3425
7371
1912
5184
7742
172
6300
5166
866
2986
294
5064
2962
7366
315
6845
1303
7057
716
621
6628
3358
6356
6811
5001
427
6628
1520
7922
4143
3126
7108
2423
289
805
5108
5649
837
1411
1852
1128
6385
2773
4489
237
5996
5403
3169
980
2102
5510
6969
3171
514
7649
4324
6212
6854
6824
892
6749
5900
50
3838
3018
172
2605
4020
270
6819
2272
1683
1087
5857
1150
7728
2496
172
3511
929
2933
642
5930
2406
127
5626
5925
970
1955
7064
7205
3316
6952
3893
3471
1062
1454
5866
4432
4742
3457
6352
3621
4605
7308
5748
2453
2979
710
7785
6863
1884
6780
2933
864
4383
7889
5827
4856
2819
5296
6863
1075
4610
6990
3395
3202
634
2652
3094
2203
7896
2117
3613
6364
3418
1813
4251
5266
4527
2979
7726
4968
7309
2423
5367
2649
7127
7778
6121
7498
3339
560
2124
6172
4096
2619
1764
2111
4538
2735
5490
5815
2725
7473
3204
7262
7638
4977
172
753
4909
3292
5750
3957
2479
3065
4993
743
7563
7209
4667
7392
1712
3674
6003
3313
2144
5460
7741
2933
189
7691
3595
6899
557
402
3102
3710
1978
5209
1814
1706
7850
2193
1839
2666
465
6890
995
5689
3758
1075
3059
6969
1352
6386
1512
6656
1458
3629
3246
3917
946
7878
19
2903
3066
4484
1648
6962
339
5827
7982
5308
6614
397
47
6546
5850
1083
5367
2403
6659
608
2177
6030
7591
2947
2285
1392
5989
4573
4251
4880
4871
2772
2925
7300
3355
621
3864
7655
2439
281
5153
6999
3782
188
3237
172
7391
2421
5823
247
7924
4386
4975
4842
6749
3596
7444
685
1867
308
3461
6909
653
7742
6139
5178
6692
1863
6853
3569
5195
3486
290
5999
3047
104
7185
3731
2933
4082
7857
6275
7212
4832
4871
3524
6108
7101
2290
588
3682
7117
7902
3537
5265
3472
3123
562
6121
1794
2681
1733
1446
172
281
6385
6196
1230
2193
2153
2668
6714
3065
2008
692
871
7775
3671
7860
4938
1312
1816
2513
4300
6894
6197
447
774
5552
5447
6593
4217
7439
5256
7607
6030
1574
2343
5000
838
1641
6382
1166
3612
7252
3550
5116
5334
1743
2285
172
1777
3030
4880
6605
2205
2898
6803
5107
5353
3115
7814
5860
6131
205
5055
4155
6994
1861
6546
2766
3591
6231
385
1002
6934
4902
7370
659
1217
4484
3127
142
2954
6468
5930
1840
6655
172
1361
2251
6036
5014
5041
1901
5364
3082
4975
641
7394
4484
2785
2510
7851
7064
6756
6605
2910
2140
6842
1292
2899
7598
1558
824
1205
214
619
6133
6460
7511
7565
4585
3732
1039
2124
172
4011
7316
6558
6869
1843
5107
7802
4297
882
7070
6047
372
5968
6692
6690
816
6579
2053
1509
3971
7292
791
6241
6605
3127
6562
2947
7287
6562
6784
7123
4016
3329
5358
282
2668
3506
2500
3572
5945
1574
1394
2482
1869
402
2127
382
5048
4233
256
4430
7821
7357
7409
5218
7586
3893
4502
4354
605
808
4097
4808
7690
427
2768
1308
333
2103
3961
978
3885
5116
1926
5631
566
1270
1931
2391
1720
1542
3971
7599
1736
2666
1175
4554
2350
2128
1205
7262
619
3372
4333
1300
935
2246
792
2574
188
4846
6321
1813
4380
4103
6916
3153
4979
1147
93
2112
2004
1796
1925
6430
1882
5582
4017
3133
1569
3442
4255
5185
6287
4217
4687
2733
270
1792
6513
1478
919
7975
2565
1841
938
5477
3489
2474
4224
2245
4813
6283
3229
7556
7035
5671
3699
2248
2740
6401
3826
4252
4491
1547
349
7429
1014
2620
2649
4311
1914
7535
3201
2112
6293
3036
4880
7577
4266
1779
6593
4601
1040
3819
2128
6945
1870
6299
6815
6982
172
2964
233
1665
2043
1166
2201
7017
285
2527
7254
7346
4035
4759
3971
5522
6864
6386
5889
1892
5538
4585
1770
2159
7502
4531
414
681
5284
3774
5970
5723
6844
3401
1870
753
2128
4093
281
3209
1542
660
588
5873
4501
6946
7388
2650
4416
7286
4754
4211
5626
163
7929
2270
2260
3372
7975
3102
1248
4235
4545
2952
3666
4042
5686
5454
3237
3564
3676
1775
6623
7371
963
5041
2619
4941
167
2233
595
4297
3349
6662
6006
742
7031
6670
1072
2662
296
7974
6462
5814
6406
2192
1466
541
6822
1387
2486
6080
6163
1178
5632
2317
50
1409
7569
3492
4331
3079
1665
3200
970
2162
614
4563
2759
671
7879
3401
6405
281
6190
6999
2616
3236
46
7392
2125
1270
2344
5188
2932
3609
5836
237
172
9
5768
6036
2090
1536
1953
2479
6819
5985
6241
3803
3683
74
3805
4082
3910
2527
6835
1273
4339
3005
5501
193
1471
6521
7795
2515
6583
6928
1395
3591
6697
1192
7316
2530
5506
3465
6811
2911
4237
5055
6012
3004
4069
4284
9
6143
3446
1188
1534
5737
5799
2385
1320
7828
7518
3729
2326
1534
7599
4501
6968
6195
2129
233
6743
1061
446
1081
250
190
4544
6558
3313
3422
3445
4586
2307
4904
5926
2761
3074
5860
1558
2685
4777
3889
1027
3665
7176
4082
1625
576
2716
6456
1839
4368
1958
3318
5986
1625
4474
1363
483
3741
451
645
3626
6889
3731
3919
7692
5675
1253
216
3159
5806
6012
6578
247
1928
1701
3629
333
372
3950
6197
5073
4316
914
6895
172
7821
5512
7940
7685
7735
669
5265
2030
2677
6401
5584
2350
5603
3318
7674
5050
3950
5440
1103
6300
5968
2731
2429
3127
172
6539
7479
3539
5116
4774
3983
5853
4646
352
7366
7701
3812
1630
3025
2251
6871
7841
6383
292
4386
5114
7808
4714
4509
2947
5799
6404
4735
4509
5668
4933
6430
2626
641
259
4763
5256
6444
286
839
3360
7981
2481
7376
2402
1338
7685
7443
4465
6405
7047
1896
1149
6781
7231
7424
2702
863
5515
5801
1043
1350
478
7436
7265
1083
3201
3757
2727
2540
5772
5185
1895
1230
2025
3266
3064
2750
4986
438
645
5311
1330
296
2043
6580
1847
4212
790
6836
7439
2750
7563
1817
2757
4610
7639
2882
2162
2556
5398
6796
5294
2681
1451
5801
3360
2480
2127
819
6302
1355
6419
3951
4896
2768
759
5177
6645
6266
4032
172
172
2929
6316
2608
1077
7639
3233
2469
4482
1512
1581
3866
6162
3489
926
172
6952
1588
1870
1740
3033
7031
3424
4155
863
6298
4725
1626
4471
3381
1835
4610
863
1619
6456
5040
172
624
2764
5858
3707
5315
1150
310
5990
5540
7512
1427
7957
5711
175
2421
7295
6440
5572
237
6130
3266
1483
2513
2476
1641
7394
2869
7115
5681
7393
5626
2872
4473
2476
3787
6308
2439
837
7845
3772
6602
964
2986
4309
1563
1307
3654
2057
5735
6811
5315
803
2912
6257
2501
5825
3627
5054
1147
3018
4531
685
3418
172
1192
4077
2820
2169
6562
1085
4125
1762
4264
4667
4209
2381
3945
7943
7227
148
7032
6395
5533
2550
2038
2320
5107
7851
5265
1813
5364
1847
4777
125
6032
1929
6462
172
769
5572
6473
4011
6067
6851
2021
7709
2688
6536
5099
2657
7565
6928
7391
808
2543
4831
451
5589
3240
1351
4515
7257
973
2474
2324
4824
7614
7007
172
6209
4631
172
3602
6690
3004
1096
172
5986
3522
4843
652
7619
7839
3248
3787
748
5271
829
7808
172
4237
2040
7160
6733
4253
5129
5180
6910
438
1720
2785
1577
914
172
7951
123
1409
172
3984
4994
6907
151
2235
5540
133
6692
1308
2627
2205
1435
6558
2350
5389
6023
4652
7070
3631
4275
5209
1454
2653
2640
134
2663
5684
2578
2619
1580
1217
6580
4789
2864
2979
336
172
7387
3523
5901
3209
7488
5290
3676
1300
753
6071
7896
6743
7064
5969
2198
438
1015
4631
7156
1161
5447
1574
5278
493
2882
4
1841
2633
2332
942
2481
2132
6242
5098
1781
6650
882
205
3497
726
1311
6430
7410
2480
5455
310
7126
253
4942
5447
831
5099
6470
4751
7017
3329
6968
2177
6240
4187
1115
2502
760
2291
4324
1433
7168
2825
2937
1611
1717
5346
4856
2613
7209
7726
3036
2349
7802
3489
3121
4
5125
3948
1580
6284
2022
172
7904
6110
3523
247
7463
1058
6925
7426
829
1081
1684
7801
6121
2453
51
995
7634
3658
6780
2705
4716
4
737
2423
2946
5555
4251
4879
7982
2537
3103
733
5420
2129
2669
4904
1150
5698
7302
5757
7319
1043
7394
255
6237
1606
5409
942
7814
4282
172
1354
2319
2617
2644
5861
318
6697
6019
3331
6925
2608
5806
3089
3509
7349
805
1411
3354
4029
946
956
6644
1194
6006
7636
2818
760
6018
6038
6749
233
5831
5866
2456
4502
5462
1273
7193
5958
975
6872
7804
6276
2812
7726
5769
7070
6982
3957
511
2319
3381
1330
4217
7426
1847
588
6972
1476
1388
2755
7074
6352
286
4326
2812
5581
1291
2192
3675
3334
721
6720
1013
7940
7101
4986
7047
1939
6237
3587
3286
3654
1273
3456
1764
2556
7276
4032
3865
3725
5562
4549
20
7625
5645
4270
5108
7755
6139
6306
973
6629
155
7540
5472
3524
3982
478
4281
7640
2991
2641
6986
7599
2818
172
398
5709
1800
2066
6341
1680
6976
787
308
7574
829
5041
6885
6621
3916
659
5924
6895
1605
6868
5825
2284
3602
5952
3741
3728
3208
2200
1542
4275
1885
2367
4605
6196
5248
3108
4999
5351
1743
4233
4218
7952
5296
4435
3013
7125
314
1383
172
6410
2120
6850
6118
5540
6196
74
5409
6556
6859
6598
7397
332
7317
1078
3066
994
2662
6803
743
1078
5775
7451
2668
1005
708
4832
1530
332
3958
7487
2530
5960
5073
5947
6139
2458
4929
2574
4535
7933
7348
352
2657
233
2299
308
2374
6387
3983
2435
5052
3020
6832
1464
5709
5515
1984
6115
5998
7540
1962
7975
7732
1075
281
5836
3425
7655
595
6817
6584
3030
5906
1794
1763
621
2106
1077
296
1398
3309
12
3155
2193
2566
7157
5822
6737
5878
4549
3186
3757
6335
4900
6851
6807
2869
1806
5994
4663
1852
3822
855
3445
1751
7784
6356
6837
6885
3532
26
5656
595
6434
2106
6811
4339
5621
1143
3243
5319
4281
5487
2966
7436
5964
5409
7586
3102
6470
6779
571
4027
2614
869
5123
3200
786
3355
1355
4177
2782
4538
3229
3822
6300
355
5163
3292
2423
934
6309
148
4956
3890
6113
1305
3934
7742
5258
6236
4297
6580
538
652
3731
4856
4133
5635
2655
1291
5409
4955
7086
4429
4183
2192
4667
694
6952
6210
2742
4838
5073
1410
6354
1466
1515
5768
7850
1091
2965
6536
5647
7353
4517
2752
2319
1385
837
6384
4943
5317
1363
1150
636
2929
416
2270
705
168
6147
2578
6692
4011
2641
7035
3578
5052
2526
172
172
4668
7808
6444
5184
3441
7504
2350
2433
3377
3125
6012
6176
169
6218
1563
1325
382
5147
599
7070
7993
6941
7189
4843
6116
3728
5088
5801
4531
831
5723
4511
4562
5178
3691
5425
5373
5039
2626
2545
1564
4578
5398
4188
5826
2057
2413
3131
2320
336
2147
3316
3115
3824
882
1338
2641
5540
7981
1698
7884
2175
1870
314
172
1659
4032
659
2608
1278
1039
7896
881
7948
2513
2681
47
1025
214
2641
5633
2319
372
6162
5158
3187
7866
349
4605
5220
1841
2658
5848
790
3721
4214
4312
2522
6941
5184
245
4297
2464
5184
1617
3351
4585
4451
3574
4128
4819
4459
1609
1939
382
7548
4132
2672
4501
1665
274
5554
6900
1939
5822
3066
465
3047
3511
6920
3459
2369
4599
5373
5857
5737
452
4300
5188
874
1806
5822
6158
6660
6750
172
5080
2246
172
1070
7124
4900
6988
1779
3635
7960
1836
6851
5753
1754
233
681
527
3224
575
5919
4371
2235
6197
4562
5540
2820
5772
26
5351
5128
6423
286
5143
5653
7728
2872
6884
2021
6796
172
5542
6358
6767
5969
6546
7565
605
5432
7192
3238
7886
2323
2723
7250
2666
5516
7802
3954
1194
1743
7762
2851
7124
4860
6732
3757
172
5260
3523
6249
2124
538
5987
80
7269
6372
172
6298
5386
6758
2522
859
3056
4027
6732
5757
3275
6453
2266
172
5125
6208
5534
2541
3578
2092
2626
2131
6410
4955
1005
7725
3539
875
2834
1939
1077
3287
2377
200
7216
4091
4188
1989
5635
172
1659
556
3687
6003
3422
7608
3207
4574
1901
1984
5653
6401
3126
4689
172
659
6468
6558
5297
3454
7952
881
7639
3515
4542
3445
3010
7115
2317
5097
254
172
3613
7488
6410
407
5362
2292
1105
6257
2401
3588
3678
3471
791
3505
2658
4309
3603
5609
6670
172
580
1209
3805
362
190
2196
4494
1246
315
2025
4028
1019
7709
4995
6406
172
1281
3596
6751
5559
5682
2147
3131
7156
6870
808
2543
1601
4056
7701
1776
2224
2652
3248
6628
1998
3590
6855
7349
4212
6784
446
220
1370
5621
4612
5329
7993
4527
2174
550
2661
5418
1645
2644
1555
1850
6870
1178
7748
3587
1906
4797
1802
2772
4151
7778
5924
3025
3954
157
2608
3274
2472
4510
6485
4230
6784
6006
3731
6845
2307
1138
6270
1465
367
2343
7302
2440
2657
945
2500
1303
408
4809
5873
4646
1488
5630
1306
6327
882
4839
6327
3763
3523
5407
524
3903
6497
6694
6320
5899
5766
4043
5334
6315
6231
2496
7884
5252
3773
43
4565
1411
7989
5711
3676
4237
956
1659
3458
3386
3267
3612
3926
3500
5681
1270
7230
1328
5056
6006
4032
1128
2127
5830
7692
5080
1757
19
3489
1329
4020
7839
3103
1403
3124
5930
678
1308
5056
872
3503
6241
254
1138
5839
3018
6906
2236
2277
7860
3102
3278
1882
397
509
4049
1300
321
665
2655
172
7550
2169
2820
3572
3047
2044
3916
6182
6196
4879
3225
5635
3926
4725
6900
108
3511
3574
6174
67
3503
5986
3531
172
1589
3278
2312
4970
7056
6662
5737
3472
7834
2640
7825
6723
7371
1072
1421
4244
4245
1559
52
6600
7147
6533
3268
7478
1050
4386
2774
5534
2292
4487
1712
6546
1739
5634
103
2068
808
486
6951
6987
678
6842
3709
1464
1534
4229
7418
6249
2659
1216
1813
7750
1707
3431
6444
7674
7017
3876
5615
4123
5654
6423
4942
5087
2827
2754
6143
1286
548
2056
5510
576
4585
218
6684
7
6783
339
1329
829
2292
1253
1626
3531
935
3152
6785
1589
738
4053
7952
187
5296
3401
6493
3059
542
7392
2847
566
6694
3588
7360
2025
6130
4874
6634
4212
5315
5477
6745
5862
4923
4033
6416
4674
2991
2144
7376
1668
460
1947
1507
3710
5105
193
7125
1685
1168
1653
5554
260
2526
2644
2480
3258
7111
6401
2827
4887
4024
4631
2373
971
3316
2953
2283
1043
3721
7235
3564
2755
4036
7586
940
7917
6115
4777
1036
2090
7262
3355
264
2253
3383
1512
1528
1044
2260
2481
1989
4995
5647
7289
6614
1626
6775
6399
7147
1210
1455
2556
660
4980
892
7512
5638
4484
356
5835
4508
4084
6364
5501
5857
1706
2009
6284
6183
5985
6593
1410
254
5126
7523
4810
7429
6623
5688
6475
382
2668
7725
4212
7127
6890
5084
5547
3757
6811
940
5362
6616
3617
1317
2820
1246
2834
3079
7441
472
6857
4846
4876
6003
6582
1648
408
7665
7388
2496
1385
627
1682
4092
5753
7479
5759
4509
7599
643
172
4133
1416
5050
1892
5263
2635
1360
31
194
2536
6171
7775
3574
7826
1998
2937
7269
7709
1403
4133
6293
4183
6764
4124
708
3208
7418
172
4223
3710
5365
7117
3229
3707
3471
524
1385
3432
7625
2514
4434
256
5567
1926
7111
580
3025
4177
5184
260
2193
255
2657
1847
5970
4667
5401
6704
3208
2812
6034
516
7800
604
4785
1339
6854
6745
3412
6628
1984
6401
584
6389
3812
3613
3258
7336
1000
167
6616
1463
2631
4237
4549
6855
7831
2986
870
4690
2107
6582
2283
982
6720
256
2502
4866
6372
4757
6356
310
7203
920
2653
5223
5173
172
6729
7399
7419
2175
7108
6558
6756
5726
6415
3505
6272
5532
4829
3020
4527
7822
3022
154
2311
2170
4955
3276
7339
4250
3399
2683
2310
4957
7989
6249
5420
580
4562
6020
4667
4342
4042
4822
2056
7957
6851
47
5394
5217
421
5129
6890
3629
6803
3758
315
2201
5599
6752
1861
2169
4491
-1
3865
4956
546
2708
6400
7828
7156
1839
5781
1307
1035
4933
2769
493
2964
5533
4164
1718
2267
4331
338
1896
7346
2193
5324
5836
6192
2160
6183
7691
104
5775
2200
6994
3040
3757
6209
7851
1307
5870
6354
6442
5924
2591
172
5675
1934
5282
7297
2731
2547
3383
982
604
5441
600
7846
2269
2022
7728
6257
5579
1558
1495
3725
3865
6020
5768
2092
7055
445
4919
5823
2617
4949
6316
5584
5781
3186
6387
7316
6442
5223
3721
705
5209
6803
2644
5726
198
2326
6837
22
7577
7388
847
3530
659
3457
5003
4210
3209
2527
5726
2266
888
1779
1947
7692
1835
592
2655
4010
6430
465
1096
3025
3291
3782
7897
5681
6199
7949
1818
6611
5572
4199
5424
718
4251
695
2657
6163
643
172
2219
4136
2757
2668
2929
6503
634
407
4995
966
3441
1488
2440
6845
6505
4435
4974
409
5993
1077
23
2510
2288
1270
5825
810
567
837
7889
5814
5804
5579
3513
4920
5059
2464
3572
4730
4434
5315
4979
6599
4018
2939
2244
6934
4449
7679
7902
3821
4822
4044
5290
1987
2061
4018
1930
338
3819
2522
1445
1056
5989
838
1706
4017
5365
91
701
2999
5943
1485
3318
4780
6744
4142
792
285
217
4177
6034
1653
6309
1025
1817
6691
3947
2368
5286
2479
2925
4475
1223
7297
6041
576
379
5819
5056
4282
6052
172
5287
5924
5288
344
7087
6729
4578
3910
2257
5603
2272
5766
4938
2009
5440
6959
3859
7598
1177
3678
5904
1813
1811
2714
1870
4822
6591
5031
1218
6257
7398
959
6071
67
2719
709
3213
1304
1870
915
6974
803
3676
1445
5420
5341
2346
4995
5147
4183
5561
4753
4547
7056
1203
7393
3117
3927
2167
2382
4247
5472
7394
7849
7674
6582
4846
4097
7336
5465
5363
4269
7292
1466
2580
1638
3100
2935
535
3612
2650
2106
4980
3047
7376
982
6829
6047
1299
3698
6315
6197
6432
243
1644
7599
1128
200
7746
3500
1764
7064
5098
6238
3951
1580
4084
172
5283
1433
5380
1841
6168
7550
7978
1115
1115
6084
5507
6739
4508
995
4742
1002
3728
6437
2408
5288
584
4746
6331
841
2831
1840
4910
2744
6781
325
3285
5817
5447
6262
5726
6341
7952
5668
2343
7274
3267
4622
5250
6430
6050
766
3782
6432
3687
1170
3274
328
1355
4084
2285
6895
3000
1056
6098
4413
6508
6242
7640
4069
218
4876
5287
760
6430
1105
5229
3530
6503
4029
1525
2212
43
7825
5825
678
6382
2259
1463
3500
521
5697
6283
5364
7479
5981
2820
6859
5278
5797
6401
3509
3671
7435
1659
978
4117
6582
7576
2091
2640
7439
4646
6191
4255
1166
6212
1892
5732
168
4753
172
7740
2429
3103
5768
2585
2312
1450
6108
3739
7477
1951
2685
7340
1486
3489
3810
1781
1718
3418
267
4449
1349
259
1175
4746
7358
723
1677
2162
5355
2971
1677
2752
5860
1086
7488
4778
1044
408
7483
5000
2644
1339
6378
486
6556
1410
75
4244
7724
5347
646
524
259
2201
6006
4082
2513
4956
5595
4092
1311
1081
2175
2427
7889
729
4033
4194
16
6819
7369
1678
237
7366
1186
3558
4871
3380
1878
5583
3237
6064
5602
134
6951
4487
6147
5633
4643
2368
6398
4388
292
5823
5685
2270
6210
4529
2439
5913
2251
6729
226
6724
5153
7667
6327
2265
6752
7778
1596
4018
1059
172
5010
5128
2865
338
4368
7061
74
2925
4211
379
125
2421
5099
4516
6980
5857
172
4459
6795
1036
2608
3676
4252
6976
7286
7064
4337
643
4538
2614
3687
3418
983
6110
1533
6779
5346
5873
516
6920
7277
7919
2307
2980
1777
4183
2714
1501
6600
7377
2660
5378
2360
407
7147
5796
914
302
4574
7074
7779
729
2567
4053
4133
1126
5381
4596
5960
5340
2723
3431
1114
7742
7176
7723
6881
5964
7108
3089
5292
1121
4763
5872
96
7302
4652
6999
920
5340
6317
2058
966
3564
6419
2745
3285
5797
2727
4119
7012
5964
1932
1394
140
293
1558
1942
2012
5723
6680
1205
5363
180
4955
7872
2827
6163
1651
1714
2530
5166
121
1383
1932
6189
3729
7385
7362
7227
2986
6107
5649
5025
6779
7808
7319
4555
109
4117
5088
5622
3601
221
1451
3983
451
6973
4077
4956
5409
2426
1562
19
2867
2824
598
5711
848
6907
4838
1840
7540
6546
5715
4293
5662
6660
3793
5283
4780
6616
1118
3199
2543
73
5493
5569
2640
205
5633
4644
4013
4210
524
4983
379
3845
1308
429
6916
6542
2761
3274
2824
5185
1827
445
7932
7798
763
402
3812
3497
5451
6887
3078
2288
3515
3917
4030
4001
172
403
1186
6670
2605
1203
2692
6379
6601
3151
3782
1942
4217
2641
6386
4550
187
3539
2640
3395
3033
4995
944
3303
6119
6075
4211
4106
7031
1930
2685
1373
7203
6928
6131
180
6444
3574
7209
7342
3866
2106
172
7556
7677
6410
1814
2400
4237
2532
3000
5267
6023
1014
677
5968
5184
172
3724
2666
1314
882
2502
5861
7424
5944
6127
1072
1494
3199
6155
6582
218
5926
912
1699
3381
3500
5237
7394
149
6899
5696
6687
7423
5561
7189
7463
6796
5534
774
6044
2851
5748
5543
6046
7555
6645
4725
4284
4692
6895
200
5540
292
5036
3337
2935
1454
5764
7742
4789
847
169
5853
694
6662
652
652
1928
2947
2443
3951
4071
2929
1861
4502
2666
6469
2735
475
962
3172
7417
5296
172
2882
759
6868
4597
7200
6985
5036
5596
6749
7157
534
5007
1041
6614
7981
940
2314
1314
1878
1013
7491
1095
5856
4159
5825
3707
6529
6043
3550
7523
7046
1105
6437
580
5889
156
1645
198
7124
4613
4785
4843
3603
3907
1478
1713
2541
5744
1083
3558
1914
4386
2455
882
3267
1246
7945
7983
5524
6869
1226
7725
1630
5084
6235
4667
3307
2364
5703
7851
4128
261
23
172
2040
6238
2117
4520
6416
1175
6955
6306
160
5766
3355
6900
5030
4777
6028
1115
2308
5475
7068
6605
2495
5534
1603
5568
624
3578
3381
2434
7191
6130
3431
6748
7074
538
721
7897
1175
7317
7357
1327
1454
3139
5470
5088
5317
7946
2541
3489
1501
1192
3094
3556
1326
3782
2589
1717
847
4633
2421
1645
7715
2626
3971
49
5709
295
7943
7407
4202
6197
1483
205
5606
7136
5515
5748
7473
96
1104
3793
7546
6837
3851
869
5209
1203
288
5347
1882
867
3511
3657
3115
1892
4622
2758
6692
3268
3637
3619
2235
896
6558
2545
4194
2869
1564
675
6242
3411
6020
3561
7101
2285
976
7978
2534
2455
2626
4080
1896
6764
2329
4406
3186
6908
7703
6134
3025
4178
6628
5931
7206
3465
5622
3710
3591
5965
7305
3957
1081
349
5319
721
5446
3768
4208
4014
6088
3957
1070
935
6388
583
3098
4188
651
546
5039
6241
1385
2270
3321
6034
7821
198
1978
172
1128
1308
2786
172
6931
7009
7540
3128
2543
6015
7302
7276
4631
2440
4856
7514
619
5287
4809
3752
5123
5766
5874
6080
2124
2769
4064
4399
398
2297
6616
7436
486
3446
3815
760
4751
1802
6668
7042
7862
3981
451
2191
6599
6457
7978
6163
367
5440
5889
7821
4163
6711
2177
2401
2233
1394
3821
154
198
6732
172
4080
7540
405
5879
699
6815
4916
6145
5666
534
7101
2257
5135
7546
4928
2320
5921
4451
4510
1178
2855
6487
4900
1156
5769
7155
3042
4360
3445
4293
3209
7016
127
2943
7992
3483
7957
7992
5816
7563
5015
829
5135
1014
3454
3957
7978
7031
1862
3936
3564
7394
774
1044
4039
4269
2556
4009
3459
3313
1319
172
1714
1087
6364
5472
5378
2439
172
2482
2774
1352
344
5000
2083
5209
926
6783
6781
5830
1072
3492
1763
2769
5516
7328
1488
4955
6093
5974
3149
5203
2927
4210
871
1836
791
1410
3274
6744
3287
5329
6358
7638
5173
4005
6304
934
6575
5418
4625
3612
461
7901
5924
6110
1311
1863
2774
7399
1277
7610
6591
1050
5684
6270
6974
7945
7945
5676
3562
627
5549
2343
3557
2542
2867
7463
7889
5195
2715
1306
2681
3424
6994
7692
7418
1292
3152
5335
264
1512
5391
3707
1512
3358
5329
3822
3154
6974
2705
6372
5990
5853
7289
5821
4311
1354
6300
6085
3822
1585
5514
3345
5530
6591
3465
6598
3237
5557
5686
6892
580
6257
6228
2481
4669
2402
3267
7161
4266
2239
5104
550
5129
3711
3572
4839
6819
1216
7951
2688
3531
2510
1403
3432
3268
6871
7520
4288
805
6034
7692
342
6731
4077
7772
5996
5681
4245
7523
422
6361
2471
2574
7225
5178
7540
1813
5606
7691
7537
6853
6729
3074
2964
6145
4674
7230
6084
253
6440
4123
1307
4614
379
5127
5188
325
6665
36
5709
4071
4870
3983
3031
189
2822
6045
4910
4876
4829
3593
7681
5808
6662
5579
3
4585
5284
6855
1217
4847
6470
2683
782
4016
5040
1304
766
877
1586
7904
7845
6159
5737
5452
6159
7400
5873
5265
1330
3537
1563
6289
4278
6864
296
4316
5759
4562
4542
4082
790
3500
4159
718
1717
6817
784
722
6796
4244
5204
3595
3673
3446
1000
344
1781
7646
4500
5895
4060
1385
1392
5505
932
1043
1445
4449
944
4871
4797
3787
7512
3678
4021
7889
2434
3658
668
1180
7745
5147
6300
4684
6163
1024
4030
6723
5970
2125
2455
1907
4406
7775
5952
2605
3121
5072
6240
5084
4979
7655
3558
7782
7480
474
6811
6826
2160
5889
2112
6416
7161
1878
7498
3445
1075
4610
4138
3698
4053
91
1440
5844
3422
1074
2644
1175
5366
3313
2867
1872
5670
6860
2772
7625
7310
5856
4797
7934
2894
598
759
5669
6277
6599
7267
5157
2976
619
3153
6609
2144
4904
6121
226
3867
172
5589
172
4637
273
760
2734
3710
3464
874
2994
1939
6164
3164
1875
3981
1806
3316
3578
6815
2502
6179
4511
5801
2124
3632
172
565
7828
6276
6188
2527
7655
4515
5621
3864
3768
2319
3546
904
367
4348
367
5568
4413
5801
1469
4919
4517
5584
180
4018
3095
2090
3395
5126
6258
5857
3503
172
2652
2022
2530
5363
4914
6085
3338
189
4241
4838
254
3754
3676
172
172
5296
791
3810
7391
3352
2439
2867
645
2650
6505
7374
5762
3999
2101
6870
652
4555
7768
2385
7845
3658
4716
5244
7420
3170
3919
2195
6504
1193
4358
7520
226
4278
3424
3353
3262
5037
5040
7706
4042
1659
1217
3269
1956
2530
214
3356
1192
3651
6503
6257
7674
7292
4813
5602
193
4284
2500
4714
3759
2760
5626
2810
4435
1488
5516
4264
250
1839
2591
3100
2248
6998
5668
2647
7324
2458
5828
4652
7287
5447
7300
1661
4069
2380
6738
535
7679
284
2068
4053
172
7919
6472
524
4742
760
6682
-1
1314
534
1074
886
2443
2120
7546
1273
7388
88
3022
983
4725
172
6868
2856
6533
805
5050
2627
4017
172
1285
7101
4938
1426
4350
1086
2578
1502
2440
7057
846
172
1304
438
7241
1356
332
2320
5770
7339
7039
7472
4250
1875
5340
372
6560
3657
4237
4887
5715
5441
7326
2613
7564
5714
795
4451
7181
5986
6854
4957
1831
3267
3899
1226
2195
2290
1128
6575
5875
2413
4610
73
3683
4293
3288
5258
7441
248
5599
7028
1773
4599
3089
7771
5329
4896
674
2124
6520
7949
5536
7812
2626
524
7981
7039
6982
7031
867
3919
3468
7914
6682
5088
2683
2889
1824
1409
2702
2510
2142
2640
1763
1036
6508
5063
5446
3343
4646
5376
1613
372
1005
5127
3615
6258
5781
6278
3617
5564
2205
808
6165
6130
584
7518
1558
7912
2124
4082
5758
255
4208
6287
669
7124
4845
7833
7564
7340
2742
876
2455
669
669
7277
7488
7692
6777
7575
1352
7892
6855
6300
6600
7321
3785
6955
2439
4789
2160
5830
6974
1733
3613
5153
475
7845
3086
7666
5871
172
5153
2514
6745
4293
172
5584
2175
4568
2569
7115
3523
7191
6442
3131
3416
5854
3612
2526
1827
6568
1542
134
2103
3489
4011
6237
4017
4725
5335
7934
1411
6829
5510
1823
6546
1843
416
2160
5250
7850
5880
3971
7441
841
5283
1685
975
244
6304
7822
4434
6504
6733
2640
6765
3420
7768
7690
7515
694
7841
3245
994
1930
1392
3810
6472
7083
1073
3602
7321
221
7480
2580
2323
5877
7814
2112
4210
7056
6779
3603
6158
5872
7115
7092
1478
2847
4503
4214
2476
4933
1247
631
7391
7348
75
7181
172
2666
3768
2220
934
4573
6859
5554
1564
7896
5099
6152
7391
5579
5362
2359
5582
7458
468
6994
2377
7576
1197
2566
339
6182
6249
5532
5285
7203
6807
6885
308
6253
3462
5964
3431
5564
7231
3471
838
2288
4957
7147
934
5126
4802
3503
4957
6851
4043
6384
7101
1299
5332
2966
3205
4789
5860
4011
2768
6636
3377
6692
172
850
5900
3137
3612
2170
2440
1542
4288
1180
7625
720
4199
4655
3202
3779
5649
799
6458
4785
6304
6538
3515
6985
4225
1875
2132
7101
681
741
4501
5353
7867
1939
784
172
5911
7399
5858
3201
3710
1642
6395
3422
7528
4288
695
3199
4663
3725
6358
172
3741
4283
4975
6492
4394
468
2285
4866
7825
2471
5823
3395
5409
7388
3574
2744
3187
4991
1885
6417
7177
5542
5088
6682
6999
6147
5901
1441
296
5126
7225
691
1115
4434
4151
4742
6723
2644
6832
1583
1176
6075
3503
4585
2519
6832
2248
3260
5524
7078
1205
5130
1036
6829
915
389
7127
7394
7207
2605
6085
6449
1598
6425
6108
158
3360
7388
6062
3395
6639
2530
1039
1956
852
5631
7981
7904
5733
2827
172
6417
1713
1802
5341
4282
4673
2350
7625
1466
4537
4217
3591
709
5507
2937
6962
5363
3246
4071
332
3785
2053
5055
1827
5676
1659
6267
901
3184
6745
1852
3472
1818
2718
80
982
3205
4525
6743
3523
1120
2169
1277
416
6611
6896
2831
3526
6580
7978
200
5860
6378
6598
5994
1095
3893
3281
4874
759
2979
3446
5182
4929
7449
1753
2310
5493
867
5195
5238
6704
6561
5317
3725
3316
7205
4313
7441
3381
993
6110
5799
7015
6423
1115
2336
803
350
4716
1341
3907
6782
6940
1402
7159
699
6598
2824
2060
2090
2331
5872
3760
172
1646
7320
4646
7839
2964
7305
6088
3870
284
1587
2280
4525
7668
2831
4464
5512
1394
6410
3106
6591
4494
5994
4217
296
6907
5337
2688
677
6133
1134
3855
660
172
7420
3503
2288
336
5052
3799
4484
2769
5994
1077
3666
678
5521
2613
5744
2192
2403
6419
7591
5726
4243
677
5250
3769
3395
3203
2750
6925
2022
753
6836
6071
6071
5960
6936
711
172
6533
7565
7462
77
6978
7070
4188
4284
5126
6115
2864
5263
398
2975
5689
818
2725
6305
6859
7636
6920
2288
4559
6321
6035
1520
4250
5430
3974
1486
6851
3707
737
3352
0
3225
5244
2965
3885
7292
1712
6558
6195
4311
6539
651
1862
3625
2900
3259
26
2112
6636
2731
4159
1325
6325
7360
3108
2066
1857
791
4099
4011
3141
3768
1368
3898
172
333
5386
4652
6904
5879
3761
1081
698
1426
2750
925
3112
2475
4032
2024
5830
4399
3426
2375
6072
3538
4906
447
3158
3671
4297
1446
1192
322
5856
5380
1307
7374
2337
2500
7317
5046
271
3752
5839
7575
4716
1794
6725
6740
2317
7068
2681
3284
1363
6321
4284
4159
926
7607
5287
1778
4192
1743
166
4626
2065
1942
4243
1618
2704
4413
679
1626
1757
584
6361
5195
5698
4832
6131
6047
4019
2061
6670
3235
3574
1802
6145
3539
3486
172
3
4838
2543
5420
3379
7031
496
1486
1829
1609
296
4829
1235
7607
5524
5770
3470
5671
7981
668
472
5284
189
393
6465
848
172
4225
1998
6964
6988
7722
427
7035
2320
4677
4053
5125
6076
5353
7546
4468
4291
1707
4011
3126
3318
7951
7039
3013
7607
2530
5872
2543
47
3153
6600
6321
341
1409
408
2773
7310
7988
4721
31
3731
7963
888
6558
1027
1637
2127
4625
7463
4434
1121
5724
6916
5801
5064
7153
1166
1454
47
5880
2479
2614
4231
2816
1570
1000
3010
5373
1795
6845
5825
7794
1091
2683
4282
3342
4871
1872
6504
3229
1025
408
4297
6683
3432
2812
7480
5536
2613
3036
3304
7153
6188
4919
3078
6276
2106
3549
2401
2991
4663
6364
5854
6078
4859
1329
2405
605
6361
3511
3286
472
7569
4687
1005
479
2563
315
678
5115
2244
2836
3200
247
6986
888
7365
1235
7897
2896
7012
7725
893
3410
3294
1978
3115
7692
6893
2613
7068
5153
3889
2134
5440
1247
7235
1276
7639
1278
4250
2527
7424
7798
5724
717
1717
344
7147
5711
6497
2195
3004
5924
2742
478
3285
1665
1226
4995
6928
478
6253
7360
7488
6697
3457
652
7377
4688
1192
7172
2584
172
7831
3169
5462
6195
3209
4910
7634
3903
6116
3509
5493
6419
2574
866
6982
3309
2562
1027
3995
679
4698
6765
6088
1530
4449
1114
4795
6011
6923
7741
2125
7591
6986
6891
5300
1715
669
2526
3486
6634
1303
3736
7892
2758
5055
2195
7878
4904
1105
1998
6670
5046
6316
6765
3522
2040
7040
5483
1606
1393
4151
5768
6988
1555
6084
6893
5969
5599
2979
172
6734
3582
2643
5440
5964
172
5867
6803
4087
172
430
4980
6318
1034
2562
1091
2522
3931
5046
3186
4031
2270
237
7040
5757
6343
5796
6115
3180
2421
1077
5861
315
5668
4009
2702
7074
3799
7340
2128
422
4707
385
6782
2449
483
5147
6186
6601
2381
4494
4237
619
5670
7704
1708
4554
5185
6955
5440
7634
615
550
7203
7229
7902
414
6195
7951
3931
5862
5965
7897
2511
7578
1030
5732
3961
3736
2307
5867
3309
172
435
1159
7111
839
7776
5362
2088
3329
6634
4210
5103
605
6907
2292
4210
1872
6015
7511
4840
4668
2413
5900
627
5334
284
5517
1120
7924
5714
7346
250
5046
3760
4252
3458
3352
1161
7207
2519
1658
6133
6384
3031
7520
7426
2772
1814
3338
3202
3015
3487
2921
7235
356
1271
3381
6556
203
5285
567
3962
5158
5333
4457
5924
6552
3089
1520
7297
1446
5289
1304
4543
6899
1679
259
3278
6668
1016
3126
646
3056
447
6837
7116
7370
2094
2022
5103
1168
4649
2485
2353
2111
6978
761
3086
1809
412
4730
214
4123
1150
5258
292
2755
5290
2244
3290
4942
5939
5174
810
2604
5924
3803
3282
7674
4353
4309
7823
760
4606
7426
438
756
6130
5268
6145
6855
4829
5590
4009
1733
5357
3572
6868
4503
2248
6855
444
7586
7664
4358
172
7056
432
5477
483
205
5254
2613
1178
2271
1307
7418
7931
5425
7342
6753
6562
5080
5606
2495
3360
6947
2324
5823
6212
3422
144
1626
4263
6782
2976
1485
1083
2694
7400
3497
1829
2175
6406
1446
16
535
871
6368
6864
6003
4232
233
5994
3103
2619
343
529
3340
1205
5265
7012
7574
7667
1339
3370
5562
6162
5341
5288
2527
5159
2113
5363
4281
5184
2844
3426
1923
4284
5248
3348
205
5714
1303
6328
1255
5373
6489
1385
1852
2971
3907
786
3843
1044
7068
3564
26
3827
4785
1027
6740
1453
5147
3445
2198
172
5943
4734
3358
6822
982
4938
5805
6296
4128
2942
5973
5968
4503
7958
6003
282
4217
2515
3352
4538
2312
2541
428
6372
524
2731
3381
380
6611
3471
2912
5447
1558
1563
778
537
2299
308
3613
5446
691
3707
3442
2768
5562
601
2440
5401
1714
3595
339
649
3300
4387
2964
7971
5823
6327
5278
5857
3422
921
7156
2131
7271
6384
991
3981
172
2265
5875
1247
6453
1411
3463
7535
1534
200
3687
2098
1848
4860
5219
4143
172
837
2639
7827
4413
4824
2869
2643
3631
550
5420
6098
409
6489
963
6656
7366
3004
7746
1336
401
6884
5752
6599
7833
1883
4170
5454
721
6127
7480
5036
1485
172
2343
5430
7299
4467
4742
6410
5084
7479
6127
4846
550
4933
6283
1514
6611
527
6602
7019
2886
3141
3817
911
4785
1409
1077
2957
3216
6372
1568
3609
2229
7906
1592
4435
7631
5017
4084
6356
4914
7295
5389
2479
1394
3728
3082
158
2872
5376
7826
6682
4742
2619
5994
2177
7373
6264
7565
5366
4137
716
673
172
3574
5685
4610
847
1587
7726
7432
6023
1878
6110
4574
172
3461
2855
781
1914
3086
4954
4840
2469
4822
3981
5062
5521
172
6896
793
871
4300
5292
271
766
4079
3438
4027
150
3352
1044
5073
6053
1075
1598
7455
2319
1097
2260
5422
1019
6798
3698
1044
5956
3923
339
1896
513
1974
4796
2317
2954
1892
1048
6579
5658
1500
1070
1508
2812
7350
1090
4537
1410
5767
3088
3904
143
2586
7162
7550
3830
7934
6718
6925
5424
5413
1454
7019
126
4894
3188
7574
4557
624
605
7875
545
940
5965
3066
3086
618
6765
1923
7032
6418
6760
30
6603
380
6742
5497
7200
4997
4560
4101
1104
2727
4180
6715
6356
2020
7150
4169
630
2711
4291
6175
1694
2165
1947
1225
150
3592
4829
6398
3125
7886
6385
519
1027
3971
1848
1850
3171
2567
3981
7115
2769
2240
641
2325
1034
445
3327
864
3325
6432
5987
7742
3390
7188
2135
5037
2777
195
3153
7340
2710
3209
1714
4078
6579
3672
1105
7704
6069
3208
7479
2997
5319
4011
3637
4398
6355
3031
1169
4573
4164
6009
5373
4133
2321
3259
6006
2954
545
5098
6493
1724
3358
4674
3785
5479
1303
2386
7967
5282
194
3086
7090
5673
4777
1079
5968
6476
6221
672
492
7267
7441
3390
5203
2218
3432
7624
2949
260
741
2997
6308
5266
5722
103
2299
405
6842
615
6519
3923
7394
1654
2184
5380
6298
3164
7063
6348
935
838
7725
2721
6803
5784
30
4809
1456
113
6513
4164
3066
4427
416
5950
6834
6364
7079
4676
3233
6553
5158
2401
34
1044
7344
3292
631
4384
3568
6829
5858
973
7609
6969
1908
3923
6912
1601
1748
3136
5586
1044
5735
872
5178
1936
9
3024
7943
1970
6042
7788
5872
5858
7952
4090
1142
1778
874
4414
274
650
1574
291
2667
3237
2028
5978
2084
1138
6925
4398
7432
5767
1630
6011
6754
3596
2590
225
5188
2225
4517
556
7889
4247
7484
2597
1743
6084
2051
580
6359
3603
1840
5972
2629
3626
5147
2240
3458
4212
2084
5866
669
3187
3202
3945
7292
6342
4300
6420
4810
1688
7502
5622
3903
6207
6076
6616
4562
2662
113
869
2135
6960
6223
6748
7127
232
4779
2235
2087
3578
2645
4149
5315
7742
3565
4823
122
4874
5324
3570
2864
2292
6955
5873
4305
6010
784
814
1796
1044
1044
7228
2193
6563
4251
5414
6197
3634
4482
805
3271
3769
7589
6197
1994
445
1056
4955
5194
2611
584
7025
3626
5441
142
5569
1044
5953
3661
2966
506
3616
34
4064
4721
3652
4829
1128
414
1962
7951
5873
6145
4540
4416
1580
3865
2532
58
2979
5873
1560
6869
4416
7308
118
4917

4416
4763
5056
4573
222
5006
6636
5
4634
5056
111
8
5056
3379

5056
91
